6.964062500000000000e+01
1.213281250000000000e+02
6.964062500000000000e+01
1.418281250000000000e+02
6.964062500000000000e+01
1.584843750000000000e+02
7.170312500000000000e+01
1.777031250000000000e+02
7.789062500000000000e+01
1.956406250000000000e+02
8.820312500000000000e+01
2.110156250000000000e+02
9.954687500000000000e+01
2.238281250000000000e+02
1.139843750000000000e+02
2.315156250000000000e+02
1.294531250000000000e+02
2.327968750000000000e+02
1.459531250000000000e+02
2.315156250000000000e+02
1.603906250000000000e+02
2.251093750000000000e+02
1.727656250000000000e+02
2.110156250000000000e+02
1.841093750000000000e+02
1.969218750000000000e+02
1.933906250000000000e+02
1.777031250000000000e+02
1.933906250000000000e+02
1.572031250000000000e+02
1.933906250000000000e+02
1.367031250000000000e+02
1.933906250000000000e+02
1.162031250000000000e+02
7.273437500000000000e+01
1.162031250000000000e+02
8.201562500000000000e+01
1.104375000000000000e+02
9.129687500000000000e+01
1.091562500000000000e+02
1.016093750000000000e+02
1.104375000000000000e+02
1.114062500000000000e+02
1.123593750000000000e+02
1.407968750000000000e+02
1.104375000000000000e+02
1.511093750000000000e+02
1.091562500000000000e+02
1.614218750000000000e+02
1.078750000000000000e+02
1.722500000000000000e+02
1.078750000000000000e+02
1.830781250000000000e+02
1.136406250000000000e+02
1.253281250000000000e+02
1.213281250000000000e+02
1.253281250000000000e+02
1.354218750000000000e+02
1.253281250000000000e+02
1.495156250000000000e+02
1.253281250000000000e+02
1.623281250000000000e+02
1.088281250000000000e+02
1.648906250000000000e+02
1.160468750000000000e+02
1.674531250000000000e+02
1.263593750000000000e+02
1.712968750000000000e+02
1.346093750000000000e+02
1.700156250000000000e+02
1.449218750000000000e+02
1.661718750000000000e+02
8.407812500000000000e+01
1.213281250000000000e+02
8.820312500000000000e+01
1.174843750000000000e+02
1.026406250000000000e+02
1.174843750000000000e+02
1.098593750000000000e+02
1.226093750000000000e+02
1.026406250000000000e+02
1.238906250000000000e+02
8.923437500000000000e+01
1.238906250000000000e+02
1.459531250000000000e+02
1.226093750000000000e+02
1.521406250000000000e+02
1.174843750000000000e+02
1.665781250000000000e+02
1.162031250000000000e+02
1.727656250000000000e+02
1.200468750000000000e+02
1.665781250000000000e+02
1.238906250000000000e+02
1.531718750000000000e+02
1.238906250000000000e+02
1.005781250000000000e+02
1.879531250000000000e+02
1.108906250000000000e+02
1.866718750000000000e+02
1.222343750000000000e+02
1.853906250000000000e+02
1.273906250000000000e+02
1.866718750000000000e+02
1.315156250000000000e+02
1.853906250000000000e+02
1.438906250000000000e+02
1.866718750000000000e+02
1.562656250000000000e+02
1.892343750000000000e+02
1.469843750000000000e+02
1.956406250000000000e+02
1.387343750000000000e+02
2.007656250000000000e+02
1.273906250000000000e+02
2.033281250000000000e+02
1.170781250000000000e+02
2.007656250000000000e+02
1.088281250000000000e+02
1.956406250000000000e+02
1.016093750000000000e+02
1.892343750000000000e+02
1.150156250000000000e+02
1.917968750000000000e+02
1.273906250000000000e+02
1.917968750000000000e+02
1.407968750000000000e+02
1.905156250000000000e+02
1.542031250000000000e+02
1.905156250000000000e+02
1.407968750000000000e+02
1.905156250000000000e+02
1.273906250000000000e+02
1.917968750000000000e+02
1.139843750000000000e+02
1.917968750000000000e+02
