6.871093750000000000e+01
1.229179687500000000e+02
6.871093750000000000e+01
1.435429687500000000e+02
6.975781250000000000e+01
1.603007812500000000e+02
7.080468750000000000e+01
1.783476562500000000e+02
7.708593750000000000e+01
1.963945312500000000e+02
8.755468750000000000e+01
2.118632812500000000e+02
1.001171875000000000e+02
2.247539062500000000e+02
1.147734375000000000e+02
2.324882812500000000e+02
1.294296875000000000e+02
2.337773437500000000e+02
1.461796875000000000e+02
2.324882812500000000e+02
1.608359375000000000e+02
2.247539062500000000e+02
1.733984375000000000e+02
2.118632812500000000e+02
1.859609375000000000e+02
1.976835937500000000e+02
1.932890625000000000e+02
1.783476562500000000e+02
1.943359375000000000e+02
1.590117187500000000e+02
1.943359375000000000e+02
1.370976562500000000e+02
1.943359375000000000e+02
1.177617187500000000e+02
7.185156250000000000e+01
1.164726562500000000e+02
8.127343750000000000e+01
1.106718750000000000e+02
9.121875000000000000e+01
1.093828125000000000e+02
1.016875000000000000e+02
1.106718750000000000e+02
1.111093750000000000e+02
1.119609375000000000e+02
1.409453125000000000e+02
1.106718750000000000e+02
1.514140625000000000e+02
1.093828125000000000e+02
1.618828125000000000e+02
1.080937500000000000e+02
1.728750000000000000e+02
1.080937500000000000e+02
1.828203125000000000e+02
1.138945312500000000e+02
1.262890625000000000e+02
1.216289062500000000e+02
1.252421875000000000e+02
1.358085937500000000e+02
1.252421875000000000e+02
1.486992187500000000e+02
1.252421875000000000e+02
1.628789062500000000e+02
1.084921875000000000e+02
1.654570312500000000e+02
1.168671875000000000e+02
1.680351562500000000e+02
1.262890625000000000e+02
1.719023437500000000e+02
1.357109375000000000e+02
1.693242187500000000e+02
1.451328125000000000e+02
1.654570312500000000e+02
8.336718750000000000e+01
1.216289062500000000e+02
8.860156250000000000e+01
1.177617187500000000e+02
1.022109375000000000e+02
1.177617187500000000e+02
1.105859375000000000e+02
1.216289062500000000e+02
1.032578125000000000e+02
1.242070312500000000e+02
8.860156250000000000e+01
1.242070312500000000e+02
1.461796875000000000e+02
1.216289062500000000e+02
1.524609375000000000e+02
1.164726562500000000e+02
1.660703125000000000e+02
1.164726562500000000e+02
1.723515625000000000e+02
1.203398437500000000e+02
1.671171875000000000e+02
1.242070312500000000e+02
1.535078125000000000e+02
1.242070312500000000e+02
1.001171875000000000e+02
1.886601562500000000e+02
1.116328125000000000e+02
1.873710937500000000e+02
1.221015625000000000e+02
1.860820312500000000e+02
1.273359375000000000e+02
1.860820312500000000e+02
1.315234375000000000e+02
1.860820312500000000e+02
1.440859375000000000e+02
1.873710937500000000e+02
1.566484375000000000e+02
1.899492187500000000e+02
1.472265625000000000e+02
1.951054687500000000e+02
1.388515625000000000e+02
2.002617187500000000e+02
1.273359375000000000e+02
2.028398437500000000e+02
1.179140625000000000e+02
2.015507812500000000e+02
1.084921875000000000e+02
1.963945312500000000e+02
1.011640625000000000e+02
1.886601562500000000e+02
1.147734375000000000e+02
1.912382812500000000e+02
1.273359375000000000e+02
1.925273437500000000e+02
1.409453125000000000e+02
1.912382812500000000e+02
1.545546875000000000e+02
1.899492187500000000e+02
1.409453125000000000e+02
1.912382812500000000e+02
1.273359375000000000e+02
1.925273437500000000e+02
1.147734375000000000e+02
1.925273437500000000e+02
