6.837890625000000000e+01
9.520312500000000000e+01
6.837890625000000000e+01
1.151093750000000000e+02
6.957421875000000000e+01
1.396093750000000000e+02
7.196484375000000000e+01
1.610468750000000000e+02
8.152734375000000000e+01
1.794218750000000000e+02
9.587109375000000000e+01
1.932031250000000000e+02
1.102148437500000000e+02
2.054531250000000000e+02
1.257539062500000000e+02
2.161718750000000000e+02
1.448789062500000000e+02
2.161718750000000000e+02
1.604179687500000000e+02
2.146406250000000000e+02
1.735664062500000000e+02
2.023906250000000000e+02
1.855195312500000000e+02
1.916718750000000000e+02
1.974726562500000000e+02
1.763593750000000000e+02
2.046445312500000000e+02
1.579843750000000000e+02
2.082304687500000000e+02
1.396093750000000000e+02
2.118164062500000000e+02
1.181718750000000000e+02
2.118164062500000000e+02
9.979687500000000000e+01
7.794140625000000000e+01
8.448437500000000000e+01
8.869921875000000000e+01
8.065625000000000000e+01
1.018476562500000000e+02
8.218750000000000000e+01
1.155937500000000000e+02
8.601562500000000000e+01
1.281445312500000000e+02
9.060937500000000000e+01
1.622109375000000000e+02
9.443750000000000000e+01
1.747617187500000000e+02
9.060937500000000000e+01
1.873125000000000000e+02
8.601562500000000000e+01
1.986679687500000000e+02
8.218750000000000000e+01
2.094257812500000000e+02
8.907812500000000000e+01
1.484648437500000000e+02
1.059218750000000000e+02
1.484648437500000000e+02
1.212343750000000000e+02
1.484648437500000000e+02
1.380781250000000000e+02
1.484648437500000000e+02
1.533906250000000000e+02
1.305351562500000000e+02
1.595156250000000000e+02
1.377070312500000000e+02
1.610468750000000000e+02
1.472695312500000000e+02
1.641093750000000000e+02
1.556367187500000000e+02
1.625781250000000000e+02
1.640039062500000000e+02
1.595156250000000000e+02
9.228515625000000000e+01
1.013281250000000000e+02
9.945703125000000000e+01
9.673437500000000000e+01
1.161914062500000000e+02
9.826562500000000000e+01
1.233632812500000000e+02
1.074531250000000000e+02
1.149960937500000000e+02
1.089843750000000000e+02
9.945703125000000000e+01
1.059218750000000000e+02
1.663945312500000000e+02
1.074531250000000000e+02
1.735664062500000000e+02
9.979687500000000000e+01
1.914960937500000000e+02
9.979687500000000000e+01
1.974726562500000000e+02
1.043906250000000000e+02
1.914960937500000000e+02
1.089843750000000000e+02
1.759570312500000000e+02
1.105156250000000000e+02
1.149960937500000000e+02
1.809531250000000000e+02
1.281445312500000000e+02
1.778906250000000000e+02
1.412929687500000000e+02
1.748281250000000000e+02
1.460742187500000000e+02
1.748281250000000000e+02
1.520507812500000000e+02
1.748281250000000000e+02
1.628085937500000000e+02
1.763593750000000000e+02
1.747617187500000000e+02
1.794218750000000000e+02
1.663945312500000000e+02
1.886093750000000000e+02
1.568320312500000000e+02
1.947343750000000000e+02
1.460742187500000000e+02
1.962656250000000000e+02
1.353164062500000000e+02
1.947343750000000000e+02
1.245585937500000000e+02
1.886093750000000000e+02
1.173867187500000000e+02
1.824843750000000000e+02
1.317304687500000000e+02
1.824843750000000000e+02
1.460742187500000000e+02
1.824843750000000000e+02
1.592226562500000000e+02
1.824843750000000000e+02
1.723710937500000000e+02
1.809531250000000000e+02
1.592226562500000000e+02
1.824843750000000000e+02
1.460742187500000000e+02
1.824843750000000000e+02
1.317304687500000000e+02
1.824843750000000000e+02
